6.68509276420788
4.83350246072861
3.65866399155769
2.74248693675137
4.18040749806066
3.59228967298486
4.66951135710225
5.40012065948963
3.88922403959233
8.1851140221495
5.17468763835933
3.4597901269071
2.80254572322566
4.00493379965652
3.40531718988978
4.93649406987709
5.58336179675602
4.2786686574532
5.5752688639094
3.28732705749011
2.86602677450053
3.85247187305023
3.24127314738117
5.24547964395091
5.82723732577642
4.8021265936784
7.22581657216021
6.05279842508669
3.13600055357112
2.93332120822918
3.71834892997929
3.09609231255086
5.60705367763088
6.1537396652882
5.55976645372666
5.91940251099854
6.6330025185488
3.00193078215247
3.00489489561102
3.59908578336289
2.96667437285321
6.03598681448326
6.60014907881288
6.80378364471421
5.15059125915215
7.35543071095715
2.88219189599947
3.08130563529453
3.49203156522379
2.85060834086315
6.55362732727424
7.23538249224366
9.471987744265
4.63262081388184
2.7262531991405
8.284764663559
2.77453069437262
3.16322535172946
3.39512677229829
2.74598778558398
7.19221804048712
8.20455599383384
4.25547394421682
2.80312631462042
9.53598850722639
2.67718062226244
3.25146918425887
3.30674458448174
8.00328533455594
3.96672325453766
2.89014188944686
3.34703418509364
3.2255816531575
9.0755885646544
3.73779937889673
2.98926517001832
3.45115165919749
3.15058111558178
3.55163207405178
3.10305391960294
3.5653592766708
3.08087716957963
3.39730934560914
3.23491194872803
3.69160249012436
3.01575441250928
3.26748465660027
8.23595168947362
3.38948891010643
3.83238052477516
2.95461749368446
3.1570038086706
6.74679821098799
6.68509276420788
4.83350246072861
3.65866399155769
2.74248693675137
4.18040749806066
3.59228967298486
4.66951135710225
5.40012065948963
3.88922403959233
8.1851140221495
5.17468763835933
3.4597901269071
2.80254572322566
4.00493379965652
3.40531718988978
4.93649406987709
5.58336179675602
4.2786686574532
5.5752688639094
3.28732705749011
2.86602677450053
3.85247187305023
3.24127314738117
5.24547964395091
5.82723732577642
4.8021265936784
7.22581657216021
6.05279842508669
3.13600055357112
2.93332120822918
3.71834892997929
3.09609231255086
5.60705367763088
6.1537396652882
5.55976645372666
5.91940251099854
6.6330025185488
3.00193078215247
3.00489489561102
3.59908578336289
2.96667437285321
6.03598681448326
6.60014907881288
6.80378364471421
5.15059125915215
7.35543071095715
2.88219189599947
3.08130563529453
3.49203156522379
2.85060834086315
6.55362732727424
7.23538249224366
9.471987744265
4.63262081388184
2.7262531991405
8.284764663559
2.77453069437262
3.16322535172946
3.39512677229829
2.74598778558398
7.19221804048712
8.20455599383384
4.25547394421682
2.80312631462042
9.53598850722639
2.67718062226244
3.25146918425887
3.30674458448174
8.00328533455594
3.96672325453766
2.89014188944686
3.34703418509364
3.2255816531575
9.0755885646544
3.73779937889673
2.98926517001832
3.45115165919749
3.15058111558178
3.55163207405178
3.10305391960294
3.5653592766708
3.08087716957963
3.39730934560914
3.23491194872803
3.69160249012436
3.01575441250928
3.26748465660027
8.23595168947362
3.38948891010643
3.83238052477516
2.95461749368446
3.1570038086706
6.74679821098799
6.68509276420788
4.83350246072861
3.65866399155769
2.74248693675137
4.18040749806066
3.59228967298486
4.66951135710225
5.40012065948963
3.88922403959233
8.1851140221495
5.17468763835933
3.4597901269071
2.80254572322566
4.00493379965652
3.40531718988978
4.93649406987709
5.58336179675602
4.2786686574532
5.5752688639094
3.28732705749011
2.86602677450053
3.85247187305023
3.24127314738117
5.24547964395091
5.82723732577642
4.8021265936784
7.22581657216021
6.05279842508669
3.13600055357112
2.93332120822918
3.71834892997929
3.09609231255086
5.60705367763088
6.1537396652882
5.55976645372666
5.91940251099854
6.6330025185488
3.00193078215247
3.00489489561102
3.59908578336289
2.96667437285321
6.03598681448326
6.60014907881288
6.80378364471421
5.15059125915215
7.35543071095715
2.88219189599947
3.08130563529453
3.49203156522379
2.85060834086315
6.55362732727424
7.23538249224366
9.471987744265
4.63262081388184
2.7262531991405
8.284764663559
2.77453069437262
3.16322535172946
3.39512677229829
2.74598778558398
7.19221804048712
8.20455599383384
4.25547394421682
2.80312631462042
9.53598850722639
2.67718062226244
3.25146918425887
3.30674458448174
8.00328533455594
3.96672325453766
2.89014188944686
3.34703418509364
3.2255816531575
9.0755885646544
3.73779937889673
2.98926517001832
3.45115165919749
3.15058111558178
3.55163207405178
3.10305391960294
3.5653592766708
3.08087716957963
3.39730934560914
3.23491194872803
3.69160249012436
3.01575441250928
3.26748465660027
8.23595168947362
3.38948891010643
3.83238052477516
2.95461749368446
3.1570038086706
6.74679821098799
6.68509276420788
4.83350246072861
3.65866399155769
2.74248693675137
4.18040749806066
3.59228967298486
4.66951135710225
5.40012065948963
3.88922403959233
8.1851140221495
5.17468763835933
3.4597901269071
2.80254572322566
4.00493379965652
3.40531718988978
4.93649406987709
5.58336179675602
4.2786686574532
5.5752688639094
3.28732705749011
2.86602677450053
3.85247187305023
3.24127314738117
5.24547964395091
5.82723732577642
4.8021265936784
7.22581657216021
6.05279842508669
3.13600055357112
2.93332120822918
3.71834892997929
3.09609231255086
5.60705367763088
6.1537396652882
5.55976645372666
5.91940251099854
6.6330025185488
3.00193078215247
3.00489489561102
3.59908578336289
2.96667437285321
6.03598681448326
6.60014907881288
6.80378364471421
5.15059125915215
7.35543071095715
2.88219189599947
3.08130563529453
3.49203156522379
2.85060834086315
6.55362732727424
7.23538249224366
9.471987744265
4.63262081388184
2.7262531991405
8.284764663559
2.77453069437262
3.16322535172946
3.39512677229829
2.74598778558398
7.19221804048712
8.20455599383384
4.25547394421682
2.80312631462042
9.53598850722639
2.67718062226244
3.25146918425887
3.30674458448174
8.00328533455594
3.96672325453766
2.89014188944686
3.34703418509364
3.2255816531575
9.0755885646544
3.73779937889673
2.98926517001832
3.45115165919749
3.15058111558178
3.55163207405178
3.10305391960294
3.5653592766708
3.08087716957963
3.39730934560914
3.23491194872803
3.69160249012436
3.01575441250928
3.26748465660027
8.23595168947362
3.38948891010643
3.83238052477516
2.95461749368446
3.1570038086706
6.74679821098799
6.54170597426406
4.72775126727255
3.57783672885467
2.68154542637067
4.08842341082596
3.51289105344326
4.56719505911333
5.28262201998585
3.80345017732125
8.01296240693768
5.06183985265214
3.38324939044023
2.74029042454888
3.91668707893733
3.3299536382464
4.82859349999705
5.46210581440908
4.1845985914254
5.45417838461994
3.21451772430023
2.80238426341161
3.76748483286528
3.16946238005618
5.1311680421554
5.70101358542992
4.69703138136373
7.07187245068406
5.92201420624071
3.06647566481539
2.86820979963949
3.63623874278513
3.02743516749371
5.48531343400043
6.02092542515209
5.43899307490072
5.79131127415006
6.49064363555059
2.93532355009334
2.93822308062145
3.51954079154008
2.90083557314586
5.90554135022289
6.45843945752492
6.65806173382735
5.0382423856637
7.19898711401094
2.81819637840947
3.01297016564372
3.4147946917817
2.787302622146
6.41283837329136
7.08125356672214
9.2765000083534
4.53107926846902
2.66566702621475
8.11076094897964
2.71288806282447
3.09310887030708
3.31998358395011
2.68496965830005
7.03892393030495
8.03204245365708
4.16189582094315
2.74085832202632
9.33937360854003
2.61766916121961
3.17943726355877
3.23351449768906
7.83453247225673
3.87929240220727
2.82597279916202
3.27293158205454
3.15411131981814
8.88715399427468
3.65527145274151
2.92293393603975
3.37479751614249
3.08073935548239
3.47310955121246
6.54170597426406
4.72775126727255
3.57783672885467
2.68154542637067
4.08842341082596
3.51289105344326
4.56719505911333
5.28262201998585
8.01296240693768
5.06183985265214
3.38324939044023
2.74029042454888
3.91668707893733
3.3299536382464
4.82859349999705
5.46210581440908
5.45417838461994
3.21451772430023
2.80238426341161
3.76748483286528
3.16946238005618
5.1311680421554
5.70101358542992
5.92201420624071
3.06647566481539
2.86820979963949
3.63623874278513
3.02743516749371
5.48531343400043
6.02092542515209
6.49064363555059
2.93532355009334
2.93822308062145
3.51954079154008
2.90083557314586
5.90554135022289
6.45843945752492
7.19898711401094
2.81819637840947
3.01297016564372
3.4147946917817
2.787302622146
6.41283837329136
7.08125356672214
2.66566702621475
8.11076094897964
2.71288806282447
3.09310887030708
3.31998358395011
2.68496965830005
7.03892393030495
8.03204245365708
2.74085832202632
9.33937360854003
2.61766916121961
3.17943726355877
3.23351449768906
7.83453247225673
2.82597279916202
3.27293158205454
3.15411131981814
8.88715399427468
2.92293393603975
3.37479751614249
3.08073935548239
6.54170597426406
4.72775126727255
3.57783672885467
2.68154542637067
4.08842341082596
3.51289105344326
4.56719505911333
5.28262201998585
3.80345017732125
8.01296240693768
5.06183985265214
3.38324939044023
2.74029042454888
3.91668707893733
3.3299536382464
4.82859349999705
5.46210581440908
4.1845985914254
5.45417838461994
3.21451772430023
2.80238426341161
3.76748483286528
3.16946238005618
5.1311680421554
5.70101358542992
4.69703138136373
7.07187245068406
5.92201420624071
3.06647566481539
2.86820979963949
3.63623874278513
3.02743516749371
5.48531343400043
6.02092542515209
5.43899307490072
5.79131127415006
6.49064363555059
2.93532355009334
2.93822308062145
3.51954079154008
2.90083557314586
5.90554135022289
6.45843945752492
6.65806173382735
5.0382423856637
7.19898711401094
2.81819637840947
3.01297016564372
3.4147946917817
2.787302622146
6.41283837329136
7.08125356672214
9.2765000083534
4.53107926846902
2.66566702621475
8.11076094897964
2.71288806282447
3.09310887030708
3.31998358395011
2.68496965830005
7.03892393030495
8.03204245365708
4.16189582094315
2.74085832202632
9.33937360854003
2.61766916121961
3.17943726355877
3.23351449768906
7.83453247225673
3.87929240220727
2.82597279916202
3.27293158205454
3.15411131981814
8.88715399427468
3.65527145274151
2.92293393603975
3.37479751614249
3.08073935548239
3.47310955121246
6.54170597426406
4.72775126727255
3.57783672885467
2.68154542637067
4.08842341082596
3.51289105344326
4.56719505911333
5.28262201998585
3.80345017732125
8.01296240693768
5.06183985265214
3.38324939044023
2.74029042454888
3.91668707893733
3.3299536382464
4.82859349999705
5.46210581440908
4.1845985914254
5.45417838461994
3.21451772430023
2.80238426341161
3.76748483286528
3.16946238005618
5.1311680421554
5.70101358542992
4.69703138136373
7.07187245068406
5.92201420624071
3.06647566481539
2.86820979963949
3.63623874278513
3.02743516749371
5.48531343400043
6.02092542515209
5.43899307490072
5.79131127415006
6.49064363555059
2.93532355009334
2.93822308062145
3.51954079154008
2.90083557314586
5.90554135022289
6.45843945752492
6.65806173382735
5.0382423856637
7.19898711401094
2.81819637840947
3.01297016564372
3.4147946917817
2.787302622146
6.41283837329136
7.08125356672214
9.2765000083534
4.53107926846902
2.66566702621475
8.11076094897964
2.71288806282447
3.09310887030708
3.31998358395011
2.68496965830005
7.03892393030495
8.03204245365708
4.16189582094315
2.74085832202632
9.33937360854003
2.61766916121961
3.17943726355877
3.23351449768906
7.83453247225673
3.87929240220727
2.82597279916202
3.27293158205454
3.15411131981814
8.88715399427468
3.65527145274151
2.92293393603975
3.37479751614249
3.08073935548239
3.47310955121246
6.54170597426406
4.72775126727255
3.57783672885467
2.68154542637067
4.08842341082596
3.51289105344326
4.56719505911333
5.28262201998585
3.80345017732125
4.38549177245235
4.4089850440019
2.84183965404525
8.09501031323427
8.01296240693768
5.06183985265214
3.38324939044023
2.74029042454888
3.91668707893733
3.3299536382464
4.82859349999705
5.46210581440908
4.1845985914254
4.09898369030577
4.70106047360914
2.70620131297243
5.45417838461994
3.21451772430023
2.80238426341161
3.76748483286528
3.16946238005618
5.1311680421554
5.70101358542992
4.69703138136373
7.07187245068406
3.85774984700454
5.07151139560925
5.92201420624071
3.06647566481539
2.86820979963949
3.63623874278513
3.02743516749371
5.48531343400043
6.02092542515209
5.43899307490072
5.79131127415006
7.92244839411571
3.65107412359761
5.56051658667843
6.49064363555059
2.93532355009334
2.93822308062145
3.51954079154008
2.90083557314586
5.90554135022289
6.45843945752492
6.65806173382735
5.0382423856637
6.40450149000401
3.47152049792845
6.24463433025417
7.19898711401094
2.81819637840947
3.01297016564372
3.4147946917817
2.787302622146
6.41283837329136
7.08125356672214
9.2765000083534
4.53107926846902
5.5238134559579
3.31374467417627
7.29403435326881
2.66566702621475
8.11076094897964
2.71288806282447
3.09310887030708
3.31998358395011
2.68496965830005
7.03892393030495
8.03204245365708
4.16189582094315
4.93303045862744
3.17379310050638
9.19967268666397
2.74085832202632
9.33937360854003
2.61766916121961
3.17943726355877
3.23351449768906
7.83453247225673
3.87929240220727
4.50267896316247
3.04866946859942
2.82597279916202
3.27293158205454
3.15411131981814
8.88715399427468
3.65527145274151
4.17207549638959
2.93605585479387
2.92293393603975
3.37479751614249
3.08073935548239
3.47310955121246
3.90851016915127
2.8341272610856
6.54170597426406
4.72775126727255
3.57783672885467
2.68154542637067
4.08842341082596
3.51289105344326
4.56719505911333
5.28262201998585
3.80345017732125
4.38549177245235
4.4089850440019
2.84183965404525
8.09501031323427
8.01296240693768
5.06183985265214
3.38324939044023
2.74029042454888
3.91668707893733
3.3299536382464
4.82859349999705
5.46210581440908
4.1845985914254
4.09898369030577
4.70106047360914
2.70620131297243
5.45417838461994
3.21451772430023
2.80238426341161
3.76748483286528
3.16946238005618
5.1311680421554
5.70101358542992
4.69703138136373
7.07187245068406
3.85774984700454
5.07151139560925
5.92201420624071
3.06647566481539
2.86820979963949
3.63623874278513
3.02743516749371
5.48531343400043
6.02092542515209
5.43899307490072
5.79131127415006
7.92244839411571
3.65107412359761
5.56051658667843
6.49064363555059
2.93532355009334
2.93822308062145
3.51954079154008
2.90083557314586
5.90554135022289
6.45843945752492
6.65806173382735
5.0382423856637
6.40450149000401
3.47152049792845
6.24463433025417
7.19898711401094
2.81819637840947
3.01297016564372
3.4147946917817
2.787302622146
6.41283837329136
7.08125356672214
9.2765000083534
4.53107926846902
5.5238134559579
3.31374467417627
7.29403435326881
2.66566702621475
8.11076094897964
2.71288806282447
3.09310887030708
3.31998358395011
2.68496965830005
7.03892393030495
8.03204245365708
4.16189582094315
4.93303045862744
3.17379310050638
9.19967268666397
2.74085832202632
9.33937360854003
2.61766916121961
3.17943726355877
3.23351449768906
7.83453247225673
3.87929240220727
4.50267896316247
3.04866946859942
2.82597279916202
3.27293158205454
3.15411131981814
8.88715399427468
3.65527145274151
4.17207549638959
2.93605585479387
2.92293393603975
3.37479751614249
3.08073935548239
3.47310955121246
3.90851016915127
2.8341272610856
6.54170597426406
4.72775126727255
3.57783672885467
2.68154542637067
4.08842341082596
3.51289105344326
4.56719505911333
5.28262201998585
3.80345017732125
4.38549177245235
4.4089850440019
2.84183965404525
8.09501031323427
8.01296240693768
5.06183985265214
3.38324939044023
2.74029042454888
3.91668707893733
3.3299536382464
4.82859349999705
5.46210581440908
4.1845985914254
4.09898369030577
4.70106047360914
2.70620131297243
5.45417838461994
3.21451772430023
2.80238426341161
3.76748483286528
3.16946238005618
5.1311680421554
5.70101358542992
4.69703138136373
7.07187245068406
3.85774984700454
5.07151139560925
5.92201420624071
3.06647566481539
2.86820979963949
3.63623874278513
3.02743516749371
5.48531343400043
6.02092542515209
5.43899307490072
5.79131127415006
7.92244839411571
3.65107412359761
5.56051658667843
6.49064363555059
2.93532355009334
2.93822308062145
3.51954079154008
2.90083557314586
5.90554135022289
6.45843945752492
6.65806173382735
5.0382423856637
6.40450149000401
3.47152049792845
6.24463433025417
7.19898711401094
2.81819637840947
3.01297016564372
3.4147946917817
2.787302622146
6.41283837329136
7.08125356672214
9.2765000083534
4.53107926846902
5.5238134559579
3.31374467417627
7.29403435326881
2.66566702621475
8.11076094897964
2.71288806282447
3.09310887030708
3.31998358395011
2.68496965830005
7.03892393030495
8.03204245365708
4.16189582094315
4.93303045862744
3.17379310050638
9.19967268666397
2.74085832202632
9.33937360854003
2.61766916121961
3.17943726355877
3.23351449768906
7.83453247225673
3.87929240220727
4.50267896316247
3.04866946859942
2.82597279916202
3.27293158205454
3.15411131981814
8.88715399427468
3.65527145274151
4.17207549638959
2.93605585479387
2.92293393603975
3.37479751614249
3.08073935548239
3.47310955121246
3.90851016915127
2.8341272610856
6.54170597426406
4.72775126727255
3.57783672885467
2.68154542637067
4.08842341082596
3.51289105344326
4.56719505911333
5.28262201998585
3.80345017732125
4.38549177245235
4.4089850440019
2.84183965404525
8.09501031323427
8.01296240693768
5.06183985265214
3.38324939044023
2.74029042454888
3.91668707893733
3.3299536382464
4.82859349999705
5.46210581440908
4.1845985914254
4.09898369030577
4.70106047360914
2.70620131297243
5.45417838461994
3.21451772430023
2.80238426341161
3.76748483286528
3.16946238005618
5.1311680421554
5.70101358542992
4.69703138136373
7.07187245068406
3.85774984700454
5.07151139560925
5.92201420624071
3.06647566481539
2.86820979963949
3.63623874278513
3.02743516749371
5.48531343400043
6.02092542515209
5.43899307490072
5.79131127415006
7.92244839411571
3.65107412359761
5.56051658667843
6.49064363555059
2.93532355009334
2.93822308062145
3.51954079154008
2.90083557314586
5.90554135022289
6.45843945752492
6.65806173382735
5.0382423856637
6.40450149000401
3.47152049792845
6.24463433025417
7.19898711401094
2.81819637840947
3.01297016564372
3.4147946917817
2.787302622146
6.41283837329136
7.08125356672214
9.2765000083534
4.53107926846902
5.5238134559579
3.31374467417627
7.29403435326881
2.66566702621475
8.11076094897964
2.71288806282447
3.09310887030708
3.31998358395011
2.68496965830005
7.03892393030495
8.03204245365708
4.16189582094315
4.93303045862744
3.17379310050638
9.19967268666397
2.74085832202632
9.33937360854003
2.61766916121961
3.17943726355877
3.23351449768906
7.83453247225673
3.87929240220727
4.50267896316247
3.04866946859942
2.82597279916202
3.27293158205454
3.15411131981814
8.88715399427468
3.65527145274151
4.17207549638959
2.93605585479387
2.92293393603975
3.37479751614249
3.08073935548239
3.47310955121246
3.90851016915127
2.8341272610856
1.9581299726813
2.03002332397612
6.54170597426406
2.35626678427256
4.72775126727255
1.76208305057579
1.72112860655064
3.57783672885467
2.68154542637067
4.08842341082596
3.51289105344326
4.56719505911333
1.87120775512572
5.28262201998585
3.80345017732125
2.07680813841018
59.5718147705146
1.87866458357775
1.92559409828001
4.38549177245235
4.4089850440019
2.84183965404525
1.88088747470992
1.88617804027439
8.09501031323427
1.89907545784102
2.09583083414184
1.85851652300605
1.76619696356411
2.59047026861145
2.30828992775862
2.02279892690234
2.54053417974168
2.00813711779052
2.32162480991227
2.34966597472598
2.17677635960459
1.79481748431638
3.44995687291548
1.8736025800778
1.77518778569321
2.71089128656109
5.75655606735692
1.96610651360429
1.85482141323188
2.95538725815885
5.86997593362414
1.9307068708868
2.0480971344063
8.01296240693768
2.39509584181146
5.06183985265214
1.77197003476759
1.71330518199567
3.38324939044023
2.74029042454888
3.91668707893733
3.3299536382464
4.82859349999705
1.85973120223768
5.46210581440908
4.1845985914254
2.05038411781461
10.0113938542986
1.89853839111849
1.88950667761155
4.09898369030577
4.70106047360914
2.70620131297243
1.8612354301254
1.89112498822499
9.65565933313842
1.87929757444348
2.09598796799142
1.85838387241281
1.7661949461973
2.59091905877505
2.30775862490325
2.00190362203166
2.57934642733349
2.00344118522238
2.28932349494572
2.38348392635449
2.15333301138859
1.80549224255729
3.68128981048155
1.85244610611384
1.79163494677612
2.80036288474432
5.37162118578216
1.96135568638566
1.84095447999801
3.02514698843715
5.49119547954429
1.90491485730167
2.06670575021839
11.436100550695
2.43816360820446
5.45417838461994
1.78414981583044
1.70737480429396
3.21451772430023
2.80238426341161
3.76748483286528
3.16946238005618
5.1311680421554
1.85084457049272
5.70101358542992
4.69703138136373
2.02762632113911
7.07187245068406
1.92186682696608
1.85691648673918
11.5672838436854
3.85774984700454
5.07151139560925
2.59186657637408
1.84340647969551
1.89720174737049
12.6781524483438
1.86049584083208
2.09615153641468
1.85825643591242
1.76619890435795
2.591370185167
2.30723708837644
1.98194958332003
2.6193795620251
1.99830018577264
2.25847229188829
2.418536281118
2.13218351608727
1.81712312182335
3.96863351896402
1.83339979033126
1.81010016501524
2.89788134038375
5.05395169191214
1.95632111769525
1.82783515254352
3.09893921197704
5.15638882200282
1.88071613183395
2.08583559057945
82.614220908682
2.48602335376927
5.92201420624071
1.79867896905401
1.70328982340814
3.06647566481539
2.86820979963949
3.63623874278513
3.02743516749371
5.48531343400043
1.84448544081564
6.02092542515209
5.43899307490072
2.00823473271672
5.79131127415006
1.94892597441973
1.82762996155288
7.92244839411571
3.65107412359761
5.56051658667843
2.49477933548197
1.82730220390847
1.90447461364857
23.1525060989524
1.84267711924672
2.0963214654894
1.85813426077506
1.76620883486597
2.5918234392695
2.30672551344816
1.96290519111735
2.66064001823987
1.9927369196972
2.2290093533904
2.45485267538595
2.11313674494938
1.82968461658117
4.33785563145456
1.81638968239944
1.8306928862622
3.00460599702134
4.78727036113414
1.95102510230931
1.81544138205097
3.17706010657505
4.85924728781044
1.85807850331656
2.10547715243182
2.53933461140925
6.49064363555059
1.81562718988595
1.70100938997555
2.93532355009334
2.93822308062145
3.51954079154008
2.90083557314586
5.90554135022289
1.84060630113029
6.45843945752492
6.65806173382735
1.99195115590101
5.0382423856637
1.9800427338165
1.8014855428205
6.40450149000401
3.47152049792845
6.24463433025417
2.41198434194906
1.81283395695634
1.91301407003552
1.82584832668423
2.09649767872687
1.8580173920693
1.7662247325337
2.59227861142519
2.30622409128859
1.94474045647259
2.70312916495391
1.98677562746384
2.20087644079033
2.49246169970567
2.09602129162641
1.84315171957835
4.83558138312408
1.80135256294771
1.85353713480919
3.12196379516201
4.56043830283825
1.94549056823848
1.80375228077007
3.25983363017831
4.59444271571586
1.83697503115281
2.12562551546284
2.59889243684694
7.19898711401094
1.8350788121273
1.70049880791521
2.81819637840947
3.01297016564372
3.4147946917817
2.787302622146
6.41283837329136
1.83917341817659
7.08125356672214
9.2765000083534
1.97855158029367
4.53107926846902
2.01560675162231
1.77834935819333
5.5238134559579
3.31374467417627
7.29403435326881
2.34127363888198
1.79992158483537
1.92289549849582
1.81001655282325
2.0966800971678
1.85790587278632
1.76624659017536
2.59273549047508
2.30573300924088
1.92742693017124
2.74684235748799
1.98044180078595
2.17401870813972
2.53139045802163
2.08068238267808
1.85749981372895
5.55707500783856
1.7882348718016
1.87877388784111
3.25173403700903
4.36554641341653
1.93974094545191
1.79274804270139
3.34761426527686
4.3574999283074
1.81738372766474
2.14628089199625
2.66566702621475
8.11076094897964
1.85713467722313
1.70172901227373
2.71288806282447
3.09310887030708
3.31998358395011
2.68496965830005
7.03892393030495
1.84016602356896
8.03204245365708
28.278134263545
1.9678401001989
4.16189582094315
2.05608591066536
1.7581117306995
4.93303045862744
3.17379310050638
9.19967268666397
2.28096195011432
1.7884923271375
1.93420000126582
1.79518917545603
2.09686863950268
1.85779974374442
1.76627439861508
2.59319386410611
2.30525245070301
1.91093761534899
2.7917678707251
1.97376199252431
2.1483844964996
2.57166404893066
2.06697933201957
1.87270457913619
6.73971926998197
1.77699181235443
1.90656392833947
3.3961685896535
4.19680937217381
1.93380003898075
1.78240986886653
3.44078995889553
4.14466583150792
1.79928731321926
2.1674492217002
2.74085832202632
9.33937360854003
1.88191442327847
1.70467615737536
2.61766916121961
3.17943726355877
3.23351449768906
2.59233950941455
7.83453247225673
1.84357578105619
9.68286535561082
1.95964402197706
3.87929240220727
2.10204670497765
1.74068435906429
4.50267896316247
3.04866946859942
14.4937999236061
2.22973882559995
1.77847987164337
1.94701535140858
1.78137397326145
2.09706322197189
1.85769904359459
1.76630814667444
2.59365351879408
2.30478259498256
1.89524688389603
2.83788570851857
1.9667636275043
2.12392513797857
2.6133049576161
2.05478343427359
1.88874191543485
13.6909732342106
9.24527343649362
1.76758660856989
1.93709129393617
3.55816647747086
4.04989162098915
1.92769190773913
1.77271989700086
3.53978522723931
3.95279002610468
1.78267301856798
2.18914281400038
2.82597279916202
11.1121661459878
1.9095592822155
1.70932130290411
2.5311628019798
3.27293158205454
3.15411131981814
2.50819634972965
8.88715399427468
1.84940651390593
13.5103434708053
1.95380989046735
3.65527145274151
2.15418143058716
1.72599805542387
4.17207549638959
2.93605585479387
2.18656834600843
1.76982353679717
1.96143709840118
1.768579236202
2.0972637584174
1.8576038089136
1.76634782121074
2.59411424001073
2.30432361752275
1.88033039635272
2.88516628471067
1.95947481696145
2.10059476996263
2.65633234707661
2.04397621456397
1.90558788181697
9.31901848934053
24.5871492070197
1.75998989587054
1.97056747554264
3.74153455084227
3.92147918120654
1.92144075001864
1.76366113508765
3.64506436512549
3.77922175144884
1.76753243021527
2.21138103976338
2.92293393603975
13.9765181555339
1.94023550225852
1.71565018752709
2.45225804933496
3.37479751614249
3.08073935548239
2.43154213708094
10.3643350585059
1.85767417712438
55.0576145126177
1.95020023350839
3.47310955121246
27.2147936484746
2.21334506937734
1.71400095802016
3.90851016915127
2.8341272610856
2.15061934721898
1.76246756178011
1.97756985959163
1.75681387450886
2.0974701603022
1.85751407411923
1.76639340707231
2.59457581210169
2.30387568985332
1.86616502556234
2.93356897334324
1.951924178773
2.07835015926431
2.70076123662229
2.03444797100224
1.92321865535615
7.53852772316295
1.75417923134546
2.00723656744583
3.95138933482711
3.8089980280241
1.91507079665118
1.75521739868811
3.75713466369895
3.62172344310792
6.54170597426406
4.72775126727255
3.57783672885467
2.68154542637067
4.08842341082596
3.51289105344326
4.56719505911333
5.28262201998585
3.80345017732125
4.38549177245235
4.4089850440019
2.84183965404525
8.09501031323427
3.44995687291548
2.71089128656109
5.75655606735692
2.95538725815885
5.86997593362414
8.01296240693768
5.06183985265214
3.38324939044023
2.74029042454888
3.91668707893733
3.3299536382464
4.82859349999705
5.46210581440908
4.1845985914254
4.09898369030577
4.70106047360914
2.70620131297243
3.68128981048155
2.80036288474432
5.37162118578216
3.02514698843715
5.49119547954429
5.45417838461994
3.21451772430023
2.80238426341161
3.76748483286528
3.16946238005618
5.1311680421554
5.70101358542992
4.69703138136373
7.07187245068406
3.85774984700454
5.07151139560925
2.6193795620251
3.96863351896402
2.89788134038375
5.05395169191214
3.09893921197704
5.15638882200282
5.92201420624071
3.06647566481539
2.86820979963949
3.63623874278513
3.02743516749371
5.48531343400043
6.02092542515209
5.43899307490072
5.79131127415006
7.92244839411571
3.65107412359761
5.56051658667843
2.66064001823987
4.33785563145456
3.00460599702134
4.78727036113414
3.17706010657505
4.85924728781044
6.49064363555059
2.93532355009334
2.93822308062145
3.51954079154008
2.90083557314586
5.90554135022289
6.45843945752492
6.65806173382735
5.0382423856637
6.40450149000401
3.47152049792845
6.24463433025417
2.70312916495391
4.83558138312408
3.12196379516201
4.56043830283825
3.25983363017831
4.59444271571586
7.19898711401094
2.81819637840947
3.01297016564372
3.4147946917817
2.787302622146
6.41283837329136
7.08125356672214
9.2765000083534
4.53107926846902
5.5238134559579
3.31374467417627
7.29403435326881
2.74684235748799
5.55707500783856
3.25173403700903
4.36554641341653
3.34761426527686
4.3574999283074
2.66566702621475
8.11076094897964
2.71288806282447
3.09310887030708
3.31998358395011
2.68496965830005
7.03892393030495
8.03204245365708
4.16189582094315
4.93303045862744
3.17379310050638
9.19967268666397
2.7917678707251
6.73971926998197
3.3961685896535
4.19680937217381
3.44078995889553
4.14466583150792
2.74085832202632
9.33937360854003
2.61766916121961
3.17943726355877
3.23351449768906
7.83453247225673
3.87929240220727
4.50267896316247
3.04866946859942
2.83788570851857
2.6133049576161
9.24527343649362
3.55816647747086
4.04989162098915
3.53978522723931
3.95279002610468
2.82597279916202
3.27293158205454
3.15411131981814
8.88715399427468
3.65527145274151
4.17207549638959
2.93605585479387
2.88516628471067
2.65633234707661
9.31901848934053
3.74153455084227
3.92147918120654
3.64506436512549
3.77922175144884
2.92293393603975
3.37479751614249
3.08073935548239
3.47310955121246
3.90851016915127
2.8341272610856
2.93356897334324
2.70076123662229
7.53852772316295
3.95138933482711
3.8089980280241
3.75713466369895
3.62172344310792
6.54170597426406
4.72775126727255
3.57783672885467
2.68154542637067
4.08842341082596
3.51289105344326
4.56719505911333
5.28262201998585
3.80345017732125
4.38549177245235
4.4089850440019
2.84183965404525
8.09501031323427
3.44995687291548
2.71089128656109
5.75655606735692
2.95538725815885
5.86997593362414
8.01296240693768
5.06183985265214
3.38324939044023
2.74029042454888
3.91668707893733
3.3299536382464
4.82859349999705
5.46210581440908
4.1845985914254
4.09898369030577
4.70106047360914
2.70620131297243
3.68128981048155
2.80036288474432
5.37162118578216
3.02514698843715
5.49119547954429
5.45417838461994
3.21451772430023
2.80238426341161
3.76748483286528
3.16946238005618
5.1311680421554
5.70101358542992
4.69703138136373
7.07187245068406
3.85774984700454
5.07151139560925
2.6193795620251
3.96863351896402
2.89788134038375
5.05395169191214
3.09893921197704
5.15638882200282
5.92201420624071
3.06647566481539
2.86820979963949
3.63623874278513
3.02743516749371
5.48531343400043
6.02092542515209
5.43899307490072
5.79131127415006
7.92244839411571
3.65107412359761
5.56051658667843
2.66064001823987
4.33785563145456
3.00460599702134
4.78727036113414
3.17706010657505
4.85924728781044
6.49064363555059
2.93532355009334
2.93822308062145
3.51954079154008
2.90083557314586
5.90554135022289
6.45843945752492
6.65806173382735
5.0382423856637
6.40450149000401
3.47152049792845
6.24463433025417
2.70312916495391
4.83558138312408
3.12196379516201
4.56043830283825
3.25983363017831
4.59444271571586
7.19898711401094
2.81819637840947
3.01297016564372
3.4147946917817
2.787302622146
6.41283837329136
7.08125356672214
9.2765000083534
4.53107926846902
5.5238134559579
3.31374467417627
7.29403435326881
2.74684235748799
5.55707500783856
3.25173403700903
4.36554641341653
3.34761426527686
4.3574999283074
2.66566702621475
8.11076094897964
2.71288806282447
3.09310887030708
3.31998358395011
2.68496965830005
7.03892393030495
8.03204245365708
4.16189582094315
4.93303045862744
3.17379310050638
9.19967268666397
2.7917678707251
6.73971926998197
3.3961685896535
4.19680937217381
3.44078995889553
4.14466583150792
2.74085832202632
9.33937360854003
2.61766916121961
3.17943726355877
3.23351449768906
7.83453247225673
3.87929240220727
4.50267896316247
3.04866946859942
2.83788570851857
2.6133049576161
9.24527343649362
3.55816647747086
4.04989162098915
3.53978522723931
3.95279002610468
2.82597279916202
3.27293158205454
3.15411131981814
8.88715399427468
3.65527145274151
4.17207549638959
2.93605585479387
2.88516628471067
2.65633234707661
9.31901848934053
3.74153455084227
3.92147918120654
3.64506436512549
3.77922175144884
2.92293393603975
3.37479751614249
3.08073935548239
3.47310955121246
3.90851016915127
2.8341272610856
2.93356897334324
2.70076123662229
7.53852772316295
3.95138933482711
3.8089980280241
3.75713466369895
3.62172344310792
